[1, 1, 1, 0.5, 1, 2]
[207.2, 254.39999999999998, 271.79999999999995, 345.8, 411.40000000000003, 467.8, 479.6, 485.20000000000005]
[1, 1, 1, 0.75, 1, 2]
[195.2, 206.4, 206.4, 229.20000000000002, 321.6, 334.79999999999995, 370.0, 441.0]
[1, 1, 1, 1, 1, 2]
[268.4, 288.0, 301.2, 343.6, 350.0, 370.0, 389.79999999999995, 464.4]
[1, 1, 1, 1.25, 1, 2]
[275.2, 289.0, 317.19999999999993, 357.0, 406.2, 408.2, 424.6, 441.0]
[1, 1, 1, 1.5, 1, 2]
[427.20000000000005, 434.8, 452.6, 474.6, 523.4, 571.0, 594.0, 729.4000000000001]
[1, 1, 1, 0.5, 2, 2]
[64.2, 64.2, 66.4, 73.4, 89.0, 107.8, 131.2, 170.8]
[1, 1, 1, 0.75, 2, 2]
[138.8, 139.0, 143.2, 192.39999999999998, 255.39999999999998, 277.0, 284.0, 313.0]
[1, 1, 1, 1, 2, 2]
[177.2, 180.39999999999998, 188.60000000000002, 229.4, 271.6, 274.8, 311.8, 367.59999999999997]
[1, 1, 1, 1.25, 2, 2]
[158.20000000000002, 169.2, 182.0, 209.6, 234.8, 242.2, 248.6, 279.6]
[1, 1, 1, 1.5, 2, 2]
[130.0, 138.4, 159.0, 190.6, 248.39999999999998, 261.79999999999995, 275.4, 277.20000000000005]
[1, 1, 1, 0.5, 3, 2]
[105.80000000000001, 107.4, 112.8, 121.0, 177.0, 188.6, 200.8, 220.8]
[1, 1, 1, 0.75, 3, 2]
[149.4, 154.2, 155.79999999999998, 164.0, 166.0, 183.0, 187.2, 196.8]
[1, 1, 1, 1, 3, 2]
[134.39999999999998, 137.0, 143.60000000000002, 158.60000000000002, 165.39999999999998, 174.39999999999998, 193.8, 208.2]
[1, 1, 1, 1.25, 3, 2]
[145.4, 146.2, 146.2, 154.60000000000002, 171.79999999999998, 174.79999999999998, 181.0, 208.8]
[1, 1, 1, 1.5, 3, 2]
[173.20000000000002, 181.4, 189.0, 209.20000000000002, 227.39999999999998, 245.79999999999998, 269.2, 286.2]
[1, 1, 1, 0.5, 4, 2]
[96.2, 96.2, 108.4, 138.39999999999998, 171.4, 184.39999999999998, 189.60000000000002, 190.40000000000003]
[1, 1, 1, 0.75, 4, 2]
[92.0, 94.8, 96.4, 119.80000000000001, 134.79999999999998, 139.2, 157.79999999999998, 178.8]
[1, 1, 1, 1, 4, 2]
[67.60000000000001, 76.8, 82.6, 100.0, 109.79999999999998, 119.39999999999999, 125.8, 155.4]
[1, 1, 1, 1.25, 4, 2]
[111.4, 112.6, 134.4, 148.4, 157.79999999999998, 162.39999999999998, 166.6, 192.79999999999998]
[1, 1, 1, 1.5, 4, 2]
[135.60000000000002, 139.39999999999998, 143.6, 156.0, 167.4, 174.8, 177.4, 199.99999999999997]
[1, 1, 1, 0.5, 5, 2]
[47.8, 51.6, 54.0, 58.6, 68.4, 68.60000000000001, 76.8, 89.19999999999999]
[1, 1, 1, 0.75, 5, 2]
[78.4, 83.4, 94.0, 104.4, 108.4, 123.2, 126.0, 143.6]
[1, 1, 1, 1, 5, 2]
[90.6, 93.6, 101.19999999999999, 114.6, 126.8, 128.0, 138.0, 153.2]
[1, 1, 1, 1.25, 5, 2]
[107.8, 111.4, 112.0, 119.0, 140.6, 146.4, 152.2, 155.6]
[1, 1, 1, 1.5, 5, 2]
[117.6, 120.0, 125.2, 127.2, 138.0, 154.4, 169.0, 193.0]
[1, 1, 1, 0.5, 6, 2]
[62.0, 63.800000000000004, 74.2, 78.80000000000001, 98.6, 99.79999999999998, 117.0, 121.0]
[1, 1, 1, 0.75, 6, 2]
[58.6, 60.39999999999999, 70.6, 80.0, 101.19999999999999, 101.4, 106.60000000000001, 107.2]
[1, 1, 1, 1, 6, 2]
[89.8, 94.6, 103.19999999999999, 122.20000000000002, 144.6, 155.8, 155.8, 170.6]
[1, 1, 1, 1.25, 6, 2]
[103.20000000000002, 104.4, 115.60000000000001, 130.6, 154.0, 154.0, 154.6, 172.8]
[1, 1, 1, 1.5, 6, 2]
[103.19999999999999, 109.19999999999999, 118.6, 135.0, 136.6, 136.8, 146.0, 187.0]
[1, 1, 1, 0.5, 7, 2]
[64.2, 64.6, 64.6, 80.19999999999999, 93.80000000000001, 93.80000000000001, 97.4, 107.2]
[1, 1, 1, 0.75, 7, 2]
[101.80000000000001, 104.20000000000002, 120.4, 122.0, 122.0, 122.0, 127.4, 138.39999999999998]
[1, 1, 1, 1, 7, 2]
[85.0, 87.2, 87.8, 90.19999999999999, 101.6, 115.4, 118.8, 132.8]
[1, 1, 1, 1.25, 7, 2]
[124.6, 127.4, 132.4, 134.0, 139.8, 139.8, 142.8, 148.20000000000002]
[1, 1, 1, 1.5, 7, 2]
[105.4, 109.8, 110.2, 128.6, 131.6, 138.0, 144.6, 151.79999999999998]
[1, 1, 1, 0.5, 8, 2]
[44.4, 47.4, 53.8, 73.0, 79.19999999999999, 80.19999999999999, 87.0, 92.80000000000001]
[1, 1, 1, 0.75, 8, 2]
[62.2, 64.39999999999999, 69.4, 74.2, 89.4, 96.2, 106.39999999999999, 113.8]
[1, 1, 1, 1, 8, 2]
[113.6, 115.0, 121.19999999999999, 124.19999999999999, 134.39999999999998, 136.2, 140.6, 149.2]
[1, 1, 1, 1.25, 8, 2]
[86.60000000000001, 88.00000000000001, 88.80000000000001, 95.40000000000002, 109.0, 113.4, 116.80000000000001, 131.0]
[1, 1, 1, 1.5, 8, 2]
[115.60000000000001, 120.00000000000001, 123.6, 134.60000000000002, 154.4, 155.0, 160.0, 166.0]
[1, 1, 1, 0.5, 9, 2]
[41.39999999999999, 42.39999999999999, 45.2, 48.599999999999994, 58.4, 60.800000000000004, 65.39999999999999, 66.8]
[1, 1, 1, 0.75, 9, 2]
[54.6, 60.8, 64.99999999999999, 75.8, 89.80000000000001, 95.39999999999999, 105.39999999999999, 111.60000000000001]
[1, 1, 1, 1, 9, 2]
[81.19999999999999, 81.6, 89.60000000000001, 91.79999999999998, 99.19999999999999, 103.19999999999999, 104.8, 115.4]
[1, 1, 1, 1.25, 9, 2]
[109.6, 114.4, 120.2, 132.8, 145.20000000000002, 145.20000000000002, 150.8, 166.2]
[1, 1, 1, 1.5, 9, 2]
[82.0, 83.0, 86.8, 94.6, 101.6, 102.4, 107.19999999999999, 125.0]
[1, 1, 1, 0.5, 10, 2]
[56.0, 56.599999999999994, 58.2, 65.0, 96.4, 100.4, 100.60000000000001, 119.00000000000001]
[1, 1, 1, 0.75, 10, 2]
[50.8, 56.60000000000001, 58.599999999999994, 73.6, 81.80000000000001, 90.6, 95.80000000000001, 95.80000000000001]
[1, 1, 1, 1, 10, 2]
[82.60000000000001, 84.0, 90.0, 102.2, 113.19999999999999, 116.79999999999998, 124.39999999999999, 148.2]
[1, 1, 1, 1.25, 10, 2]
[75.6, 75.6, 76.4, 82.4, 98.80000000000001, 101.0, 106.80000000000001, 114.4]
[1, 1, 1, 1.5, 10, 2]
[131.8, 135.4, 138.6, 155.8, 170.8, 173.39999999999998, 178.2, 201.60000000000002]