[1, 1, 2, 0.5, 10, 2]
[130.8, 135.79999999999998, 144.2, 179.0, 228.2, 244.0, 250.59999999999997, 259.8]
[1, 1, 2, 1, 10, 2]
[132.4, 133.2, 151.8, 163.4, 197.0, 220.60000000000002, 232.60000000000002, 272.0]
[1, 1, 2, 1.5, 10, 2]
[284.6, 298.6, 305.0, 318.6, 355.2, 379.0, 382.8, 426.19999999999993]
[1, 1, 2, 0.5, 20, 2]
[88.8, 94.60000000000001, 101.2, 127.6, 182.2, 188.8, 199.2, 222.20000000000002]
[1, 1, 2, 1, 20, 2]
[200.60000000000002, 203.8, 212.39999999999998, 236.8, 274.40000000000003, 278.8, 303.8, 351.79999999999995]
[1, 1, 2, 1.5, 20, 2]
[203.8, 213.20000000000002, 225.39999999999998, 242.4, 264.40000000000003, 267.8, 273.6, 301.4]
[1, 1, 2, 0.5, 30, 2]
[112.0, 113.80000000000001, 119.60000000000001, 159.0, 213.4, 222.20000000000002, 227.8, 238.0]
[1, 1, 2, 1, 30, 2]
[105.60000000000001, 109.39999999999999, 111.6, 129.8, 153.4, 161.99999999999997, 188.8, 213.4]
[1, 1, 2, 1.5, 30, 2]
[215.60000000000002, 216.39999999999998, 226.39999999999998, 232.4, 253.2, 254.39999999999998, 273.0, 310.8]