[1, 1, 1, 0.5, 1, 1]
[391.20000000000005, 408.6, 451.80000000000007, 561.0, 682.1999999999999, 720.0, 793.4000000000001, 841.2]
[1, 1, 1, 0.75, 1, 1]
[434.79999999999995, 455.59999999999997, 495.79999999999995, 550.0, 711.0, 732.6, 792.4, 916.5999999999999]
[1, 1, 1, 1, 1, 1]
[437.40000000000003, 463.4, 512.8, 603.0000000000001, 753.3999999999999, 775.2, 817.1999999999999, 1039.6]
[1, 1, 1, 1.25, 1, 1]
[487.40000000000003, 504.00000000000006, 540.6, 665.1999999999999, 867.6, 901.3999999999999, 953.8, 1083.0]
[1, 1, 1, 1.5, 1, 1]
[495.4, 549.2, 576.2, 648.2, 716.0, 736.8, 781.1999999999999, 963.5999999999999]
[1, 1, 1, 0.5, 2, 1]
[180.79999999999998, 201.0, 221.39999999999998, 307.8, 413.2, 413.2, 445.59999999999997, 484.79999999999995]
[1, 1, 1, 0.75, 2, 1]
[258.6, 278.4, 289.6, 336.8, 443.8, 452.2, 489.2, 507.4]
[1, 1, 1, 1, 2, 1]
[228.39999999999998, 247.20000000000002, 263.2, 319.79999999999995, 478.3999999999999, 501.4, 531.4, 609.0]
[1, 1, 1, 1.25, 2, 1]
[240.0, 273.8, 278.6, 334.59999999999997, 407.4, 417.0, 418.79999999999995, 474.0]
[1, 1, 1, 1.5, 2, 1]
[238.4, 257.0, 278.6, 310.2, 412.59999999999997, 422.79999999999995, 450.6, 487.4]
[1, 1, 1, 0.5, 3, 1]
[134.8, 137.60000000000002, 153.8, 177.0, 218.2, 235.0, 293.2, 308.0]
[1, 1, 1, 0.75, 3, 1]
[300.4, 307.59999999999997, 319.4, 363.2, 441.40000000000003, 448.2, 478.8, 517.4000000000001]
[1, 1, 1, 1, 3, 1]
[235.2, 261.8, 278.6, 320.6, 360.8, 369.6, 412.0, 470.0]
[1, 1, 1, 1.25, 3, 1]
[292.0, 295.2, 328.0, 377.8, 424.4, 452.79999999999995, 476.6, 553.0]
[1, 1, 1, 1.5, 3, 1]
[265.79999999999995, 267.79999999999995, 272.59999999999997, 302.20000000000005, 370.20000000000005, 376.8, 398.59999999999997, 413.2]
[1, 1, 1, 0.5, 4, 1]
[195.20000000000002, 211.4, 227.0, 246.0, 284.6, 288.4, 293.2, 332.40000000000003]
[1, 1, 1, 0.75, 4, 1]
[258.4, 272.59999999999997, 276.8, 285.2, 298.4, 302.2, 311.99999999999994, 343.2]
[1, 1, 1, 1, 4, 1]
[203.40000000000003, 206.4, 216.0, 252.00000000000003, 308.2, 314.2, 343.2, 390.0]
[1, 1, 1, 1.25, 4, 1]
[230.79999999999998, 238.6, 242.39999999999998, 249.0, 268.0, 282.8, 319.19999999999993, 341.8]
[1, 1, 1, 1.5, 4, 1]
[206.39999999999998, 212.99999999999997, 222.19999999999996, 241.39999999999998, 298.2, 326.0, 347.40000000000003, 383.8]
[1, 1, 1, 0.5, 5, 1]
[130.8, 139.0, 165.0, 185.00000000000003, 216.20000000000002, 220.8, 229.6, 273.2]
[1, 1, 1, 0.75, 5, 1]
[104.8, 115.6, 126.99999999999999, 161.39999999999998, 204.0, 208.39999999999998, 231.8, 280.6]
[1, 1, 1, 1, 5, 1]
[132.6, 148.8, 158.6, 180.8, 210.2, 224.8, 245.60000000000002, 282.8]
[1, 1, 1, 1.25, 5, 1]
[118.6, 136.4, 157.0, 170.4, 206.2, 219.2, 229.40000000000003, 256.59999999999997]
[1, 1, 1, 1.5, 5, 1]
[128.2, 133.6, 155.0, 173.0, 209.4, 220.2, 232.4, 244.8]
[1, 1, 1, 0.5, 6, 1]
[139.60000000000002, 143.59999999999997, 161.8, 192.6, 234.79999999999998, 235.2, 240.39999999999998, 257.40000000000003]
[1, 1, 1, 0.75, 6, 1]
[160.0, 164.20000000000002, 174.79999999999998, 205.39999999999998, 232.99999999999997, 245.39999999999998, 260.8, 301.8]
[1, 1, 1, 1, 6, 1]
[185.8, 190.39999999999998, 195.0, 227.00000000000003, 262.4, 275.2, 283.0, 297.6]
[1, 1, 1, 1.25, 6, 1]
[165.0, 170.60000000000002, 181.4, 195.6, 224.2, 225.79999999999998, 232.39999999999998, 269.6]
[1, 1, 1, 1.5, 6, 1]
[168.39999999999998, 175.40000000000003, 189.8, 217.39999999999998, 263.2, 263.8, 272.20000000000005, 281.40000000000003]
[1, 1, 1, 0.5, 7, 1]
[134.6, 143.4, 150.2, 160.2, 184.4, 189.4, 200.0, 230.0]
[1, 1, 1, 0.75, 7, 1]
[146.0, 147.39999999999998, 158.2, 176.0, 201.40000000000003, 209.39999999999998, 223.2, 248.39999999999998]
[1, 1, 1, 1, 7, 1]
[205.6, 210.2, 218.60000000000002, 224.0, 238.60000000000002, 248.2, 256.2, 292.0]
[1, 1, 1, 1.25, 7, 1]
[179.6, 184.79999999999998, 195.8, 215.0, 256.6, 264.6, 273.2, 296.2]
[1, 1, 1, 1.5, 7, 1]
[191.6, 199.8, 214.2, 233.99999999999997, 252.79999999999995, 268.2, 282.40000000000003, 309.79999999999995]
[1, 1, 1, 0.5, 8, 1]
[102.79999999999998, 109.4, 124.2, 142.0, 163.0, 165.6, 175.6, 204.0]
[1, 1, 1, 0.75, 8, 1]
[137.20000000000002, 141.4, 146.0, 160.79999999999998, 208.60000000000002, 215.6, 219.4, 251.79999999999998]
[1, 1, 1, 1, 8, 1]
[145.4, 148.0, 152.2, 159.4, 188.2, 192.8, 197.2, 215.4]
[1, 1, 1, 1.25, 8, 1]
[142.0, 146.0, 162.4, 184.2, 211.60000000000002, 216.6, 230.39999999999998, 244.2]
[1, 1, 1, 1.5, 8, 1]
[110.6, 115.0, 119.6, 128.6, 161.8, 170.0, 179.2, 197.8]
[1, 1, 1, 0.5, 9, 1]
[121.2, 124.19999999999999, 131.2, 152.6, 174.39999999999998, 183.6, 195.8, 217.79999999999998]
[1, 1, 1, 0.75, 9, 1]
[118.8, 129.2, 133.20000000000002, 158.8, 178.60000000000002, 185.00000000000003, 193.0, 210.6]
[1, 1, 1, 1, 9, 1]
[169.4, 176.8, 178.20000000000002, 200.79999999999998, 241.40000000000003, 256.0, 264.2, 286.0]
[1, 1, 1, 1.25, 9, 1]
[173.6, 175.4, 181.6, 206.20000000000002, 236.4, 241.60000000000002, 244.6, 270.79999999999995]
[1, 1, 1, 1.5, 9, 1]
[182.79999999999998, 189.0, 190.0, 206.6, 237.2, 241.0, 244.39999999999998, 256.40000000000003]
[1, 1, 1, 0.5, 10, 1]
[106.4, 106.79999999999998, 120.6, 134.8, 161.2, 164.0, 172.4, 200.2]
[1, 1, 1, 0.75, 10, 1]
[125.8, 128.8, 141.6, 159.2, 179.20000000000002, 184.4, 190.0, 207.2]
[1, 1, 1, 1, 10, 1]
[150.2, 151.39999999999998, 162.8, 172.2, 194.8, 203.8, 207.0, 230.8]
[1, 1, 1, 1.25, 10, 1]
[148.6, 150.8, 162.6, 179.8, 188.6, 194.2, 195.79999999999998, 233.6]
[1, 1, 1, 1.5, 10, 1]
[153.4, 154.20000000000002, 159.79999999999998, 169.60000000000002, 200.0, 209.0, 216.2, 249.4]