[1, 1, 1, 0.5, 1, 0.5]
[872.6, 950.4, 1086.0, 1263.8, 1607.6, 1752.2, 1791.4, 2046.8000000000002]
[1, 1, 1, 0.75, 1, 0.5]
[866.6, 914.0, 971.3999999999999, 1078.2, 1386.3999999999999, 1416.8, 1586.6, 1886.2]
[1, 1, 1, 1, 1, 0.5]
[887.6, 997.8000000000001, 1109.8, 1296.2, 1605.0, 1646.6, 1716.6, 1974.6000000000001]
[1, 1, 1, 1.25, 1, 0.5]
[880.8, 971.4, 1063.4, 1330.0, 1710.0000000000002, 1861.2000000000003, 2020.6000000000001, 2160.6]
[1, 1, 1, 1.5, 1, 0.5]
[908.2, 955.8, 1082.6000000000001, 1313.2, 1587.4, 1644.6, 1789.0, 2115.3999999999996]
[1, 1, 1, 0.5, 2, 0.5]
[476.4, 519.8, 553.4, 626.1999999999999, 787.0, 823.8000000000001, 913.8, 1085.4]
[1, 1, 1, 0.75, 2, 0.5]
[386.0, 405.6, 445.6, 545.0, 706.0, 735.4000000000001, 850.0, 925.6]
[1, 1, 1, 1, 2, 0.5]
[621.8, 705.0, 748.2, 859.1999999999999, 963.2, 1012.8, 1045.8, 1124.8]
[1, 1, 1, 1.25, 2, 0.5]
[528.8, 547.1999999999999, 585.8, 737.8, 846.0, 887.2, 924.0, 1027.8000000000002]
[1, 1, 1, 1.5, 2, 0.5]
[600.0, 634.8, 672.0, 764.2, 933.5999999999999, 992.4, 1054.8, 1170.2]
[1, 1, 1, 0.5, 3, 0.5]
[370.0, 392.6, 422.6, 465.6, 548.8000000000001, 583.2, 643.4, 736.6000000000001]
[1, 1, 1, 0.75, 3, 0.5]
[392.0, 417.80000000000007, 470.0, 533.1999999999999, 643.4, 678.2, 763.5999999999999, 864.5999999999999]
[1, 1, 1, 1, 3, 0.5]
[334.4, 356.2, 409.79999999999995, 482.0, 626.6, 666.4, 707.4, 806.8]
[1, 1, 1, 1.25, 3, 0.5]
[366.0, 397.4, 407.4, 494.79999999999995, 594.6, 603.6, 648.4, 735.8]
[1, 1, 1, 1.5, 3, 0.5]
[462.20000000000005, 501.0, 521.5999999999999, 567.8, 657.2, 691.8, 739.8, 805.8]
[1, 1, 1, 0.5, 4, 0.5]
[206.79999999999998, 219.39999999999998, 242.20000000000002, 291.2, 332.6, 357.0, 372.4, 420.2]
[1, 1, 1, 0.75, 4, 0.5]
[352.2, 366.99999999999994, 410.8, 449.79999999999995, 503.59999999999997, 514.5999999999999, 541.8, 647.4]
[1, 1, 1, 1, 4, 0.5]
[377.4, 401.20000000000005, 413.6, 462.6, 567.1999999999999, 574.6, 622.0, 680.4000000000001]
[1, 1, 1, 1.25, 4, 0.5]
[265.0, 304.0, 328.0, 371.6, 417.8, 439.8, 457.20000000000005, 577.6]
[1, 1, 1, 1.5, 4, 0.5]
[406.0, 422.6, 444.40000000000003, 493.0, 579.8000000000001, 625.6, 675.0, 767.6]
[1, 1, 1, 0.5, 5, 0.5]
[233.39999999999998, 242.20000000000002, 267.0, 300.0, 363.8, 381.99999999999994, 412.4, 497.0]
[1, 1, 1, 0.75, 5, 0.5]
[272.6, 283.00000000000006, 320.0, 357.59999999999997, 421.79999999999995, 458.20000000000005, 486.20000000000005, 545.0]
[1, 1, 1, 1, 5, 0.5]
[365.79999999999995, 381.0, 392.0, 413.8, 446.4000000000001, 470.8, 489.79999999999995, 534.8]
[1, 1, 1, 1.25, 5, 0.5]
[226.2, 243.8, 277.4, 294.4, 370.0, 398.8, 441.19999999999993, 467.2]
[1, 1, 1, 1.5, 5, 0.5]
[299.0, 311.8, 334.0, 389.2, 447.6, 455.20000000000005, 504.6, 563.4]
[1, 1, 1, 0.5, 6, 0.5]
[260.20000000000005, 275.4, 297.2, 326.0, 415.2, 418.0, 426.6, 489.4]
[1, 1, 1, 0.75, 6, 0.5]
[263.0, 276.8, 312.59999999999997, 362.80000000000007, 464.6, 477.4, 490.80000000000007, 517.1999999999999]
[1, 1, 1, 1, 6, 0.5]
[278.6, 297.8, 314.0, 350.6, 411.79999999999995, 423.2, 436.8, 497.0]
[1, 1, 1, 1.25, 6, 0.5]
[367.0, 378.0, 395.8, 426.6, 496.40000000000003, 512.0, 533.8, 565.2]
[1, 1, 1, 1.5, 6, 0.5]
[310.6, 322.4, 339.4, 365.8, 443.59999999999997, 450.8, 460.6, 481.8]
[1, 1, 1, 0.5, 7, 0.5]
[372.2, 389.20000000000005, 403.40000000000003, 439.6, 476.19999999999993, 497.6, 520.6, 573.0]
[1, 1, 1, 0.75, 7, 0.5]
[298.4, 305.40000000000003, 316.4, 337.8, 397.0, 410.6, 418.6, 445.0]
[1, 1, 1, 1, 7, 0.5]
[338.8, 345.4, 357.8, 404.79999999999995, 468.40000000000003, 478.20000000000005, 505.59999999999997, 570.8000000000001]
[1, 1, 1, 1.25, 7, 0.5]
[313.2, 323.40000000000003, 353.20000000000005, 408.40000000000003, 440.59999999999997, 443.40000000000003, 452.99999999999994, 496.4]
[1, 1, 1, 1.5, 7, 0.5]
[296.6, 301.20000000000005, 324.80000000000007, 374.4, 434.40000000000003, 436.8, 459.6, 501.19999999999993]
[1, 1, 1, 0.5, 8, 0.5]
[222.6, 228.00000000000003, 245.6, 272.8, 297.59999999999997, 307.6, 327.4, 379.4]
[1, 1, 1, 0.75, 8, 0.5]
[269.2, 273.4, 289.99999999999994, 318.2, 383.80000000000007, 394.8, 415.40000000000003, 447.20000000000005]
[1, 1, 1, 1, 8, 0.5]
[233.20000000000002, 247.2, 267.4, 302.6, 339.6, 366.2, 395.6, 438.40000000000003]
[1, 1, 1, 1.25, 8, 0.5]
[309.6, 325.4, 340.6, 382.40000000000003, 426.20000000000005, 454.6, 466.8, 513.4]
[1, 1, 1, 1.5, 8, 0.5]
[297.6, 303.4, 315.6, 375.40000000000003, 421.79999999999995, 427.4, 454.40000000000003, 495.6]
[1, 1, 1, 0.5, 9, 0.5]
[222.0, 228.6, 249.8, 275.0, 310.0, 319.2, 348.0, 395.59999999999997]
[1, 1, 1, 0.75, 9, 0.5]
[293.2, 297.0, 323.0, 348.20000000000005, 400.6, 415.2, 426.4, 456.59999999999997]
[1, 1, 1, 1, 9, 0.5]
[309.80000000000007, 326.80000000000007, 355.79999999999995, 379.2, 445.0, 451.6, 458.4, 508.2]
[1, 1, 1, 1.25, 9, 0.5]
[282.59999999999997, 289.0, 308.8, 335.40000000000003, 367.8, 376.4, 398.59999999999997, 417.4]
[1, 1, 1, 1.5, 9, 0.5]
[265.8, 269.8, 287.0, 320.6, 377.8, 385.2, 408.59999999999997, 446.6]
[1, 1, 1, 0.5, 10, 0.5]
[261.4, 270.2, 278.2, 301.8, 351.6, 359.8, 376.79999999999995, 411.20000000000005]
[1, 1, 1, 0.75, 10, 0.5]
[244.39999999999998, 267.2, 270.0, 294.40000000000003, 339.2, 351.4, 368.6, 428.59999999999997]
[1, 1, 1, 1, 10, 0.5]
[243.6, 247.6, 263.20000000000005, 274.2, 301.4, 307.2, 320.0, 362.0]
[1, 1, 1, 1.25, 10, 0.5]
[336.2, 348.0, 363.0, 399.0, 420.59999999999997, 437.4, 459.79999999999995, 489.20000000000005]
[1, 1, 1, 1.5, 10, 0.5]
[329.4, 339.0, 355.59999999999997, 377.8, 417.80000000000007, 426.0, 438.79999999999995, 472.6]