[1, 2, 1, 0.5, 1, 2]
[541.0, 574.4000000000001, 647.3999999999999, 753.0, 838.2, 882.5999999999999, 891.2, 1068.4]
[1, 2, 1, 1, 1, 2]
[585.0, 608.2, 615.2, 717.5999999999999, 863.5999999999999, 907.0, 1000.8000000000001, 1104.0]
[1, 2, 1, 1.5, 1, 2]
[959.2, 1020.4, 1083.0, 1161.2, 1258.8, 1315.3999999999999, 1425.0, 1610.0]
[1, 2, 1, 0.5, 4, 2]
[261.40000000000003, 290.6, 306.8, 339.8, 419.79999999999995, 425.6, 436.4, 463.19999999999993]
[1, 2, 1, 1, 4, 2]
[273.0, 273.6, 274.8, 314.0, 387.2, 402.4, 434.40000000000003, 490.4]
[1, 2, 1, 1.5, 4, 2]
[371.40000000000003, 379.20000000000005, 395.0, 430.8, 469.4, 494.0, 516.8000000000001, 608.2]
[1, 2, 1, 0.5, 7, 2]
[186.0, 192.0, 203.60000000000002, 227.60000000000002, 252.2, 269.4, 273.0, 315.0]
[1, 2, 1, 1, 7, 2]
[260.2, 264.8, 280.0, 310.0, 327.8, 328.59999999999997, 341.6, 363.59999999999997]
[1, 2, 1, 1.5, 7, 2]
[329.20000000000005, 337.4, 345.79999999999995, 368.8, 444.0, 450.79999999999995, 453.0, 485.79999999999995]
[1, 2, 1, 0.5, 10, 2]
[218.79999999999995, 234.39999999999998, 243.6, 266.59999999999997, 306.4, 318.99999999999994, 353.40000000000003, 383.2]
[1, 2, 1, 1, 10, 2]
[223.79999999999998, 229.8, 246.6, 280.40000000000003, 299.20000000000005, 311.0, 336.2, 370.6]
[1, 2, 1, 1.5, 10, 2]
[348.80000000000007, 361.0, 373.20000000000005, 405.00000000000006, 442.6, 448.20000000000005, 461.8, 474.20000000000005]