[2, 1, 1, 0.5, 1, 2]
[337.2, 350.4, 430.4, 548.2, 853.2, 918.5999999999999, 960.6000000000001, 1103.4]
[2, 1, 1, 1, 1, 2]
[798.8000000000001, 993.8, 1065.0, 1112.2, 1210.6, 1247.0, 1305.1999999999998, 1379.1999999999998]
[2, 1, 1, 1.5, 1, 2]
[603.2, 712.4, 777.0, 935.8000000000001, 1110.2, 1152.8, 1232.0, 1319.6]
[2, 1, 1, 0.5, 4, 2]
[187.79999999999998, 205.6, 230.00000000000003, 249.59999999999997, 291.59999999999997, 295.2, 320.4, 401.6]
[2, 1, 1, 1, 4, 2]
[211.39999999999998, 247.39999999999998, 265.0, 293.4, 432.0, 469.0, 521.6, 576.8]
[2, 1, 1, 1.5, 4, 2]
[382.20000000000005, 388.0, 396.80000000000007, 426.0, 506.6, 559.4, 595.6, 641.1999999999999]
[2, 1, 1, 0.5, 7, 2]
[79.6, 88.6, 114.4, 132.2, 150.6, 160.99999999999997, 161.39999999999998, 190.79999999999998]
[2, 1, 1, 1, 7, 2]
[232.4, 238.60000000000002, 257.20000000000005, 269.0, 283.8, 292.20000000000005, 339.20000000000005, 384.4]
[2, 1, 1, 1.5, 7, 2]
[341.20000000000005, 346.2, 362.6, 389.00000000000006, 403.8, 416.20000000000005, 440.4, 498.2]
[2, 1, 1, 0.5, 10, 2]
[68.4, 75.6, 83.8, 111.0, 137.4, 150.6, 163.39999999999998, 186.6]
[2, 1, 1, 1, 10, 2]
[219.39999999999998, 228.39999999999998, 238.2, 246.2, 264.20000000000005, 270.79999999999995, 275.59999999999997, 282.0]
[2, 1, 1, 1.5, 10, 2]
[229.2, 232.8, 244.2, 260.20000000000005, 305.0, 305.6, 314.6, 346.0]