[2, 2, 1, 0.5, 1, 2]
[1541.0, 1673.6, 1938.6, 2333.4, 2963.6, 3106.4, 3400.6000000000004, 3812.7999999999997]
[2, 2, 1, 1, 1, 2]
[1815.3999999999999, 1920.0000000000002, 2139.0, 2581.2, 3294.7999999999997, 3392.6000000000004, 3625.4, 4150.8]
[2, 2, 1, 1.5, 1, 2]
[2270.4, 2523.7999999999997, 2802.4, 3261.4, 3884.2000000000003, 4067.6000000000004, 4336.2, 4584.4]
[2, 2, 1, 0.5, 5, 2]
[756.4, 781.0000000000001, 824.1999999999999, 926.8, 1103.1999999999998, 1187.0, 1235.7999999999997, 1389.8000000000002]
[2, 2, 1, 1, 5, 2]
[963.6, 1008.4000000000001, 1059.0, 1179.6, 1324.1999999999998, 1359.4, 1413.0, 1453.0]
[2, 2, 1, 1.5, 5, 2]
[1064.4, 1069.3999999999999, 1090.4, 1155.4, 1295.4, 1326.8, 1383.3999999999999, 1569.4]
[2, 2, 1, 0.5, 5, 2]
[756.4, 781.0000000000001, 824.1999999999999, 926.8, 1103.1999999999998, 1187.0, 1235.7999999999997, 1389.8000000000002]
[2, 2, 1, 1, 5, 2]
[963.6, 1008.4000000000001, 1059.0, 1179.6, 1324.1999999999998, 1359.4, 1413.0, 1453.0]
[2, 2, 1, 1.5, 5, 2]
[1064.4, 1069.3999999999999, 1090.4, 1155.4, 1295.4, 1326.8, 1383.3999999999999, 1569.4]
[2, 2, 1, 0.5, 10, 2]
[725.0, 758.4, 778.1999999999999, 855.1999999999999, 983.6000000000001, 1032.8, 1047.8, 1132.1999999999998]
[2, 2, 1, 1, 10, 2]
[901.0, 920.4000000000001, 957.8, 992.6, 1104.6000000000001, 1126.8, 1198.0, 1305.0]
[2, 2, 1, 1.5, 10, 2]
[903.8000000000001, 927.1999999999999, 952.2, 1009.1999999999999, 1140.3999999999999, 1175.0, 1210.8, 1371.6000000000001]